p1 = 0.428571
p3 = 0.571429

q1 = 0.571429
q3 = 0.428571

I = 0.714286